1111111111111111111111111111111111111111111111111111
1001100000000001100000000001100110000001100000000001
1001111110011111100111111001100110011111100111111001
1000000000011000000000011001100000000001100110000001
1001100110011001100110011111100110011001100111111001
1001100110000001100110011000000110011001100000011001
1111111111111111100111111111111110011001111111111001
1001100110000000000110000000000000011001100000000001
1001100110011111111111111111111111111001100110011001
1000000000000000000110011000000110011000000110011001
1111100110011001100110011111100110011111100111111001
1001100110011001100000000001100110000000000110011001
1001100111111001100111111001100111111111100110011111
1000000000011001100110000000000000011001100000000001
1111111111111001100110011111100110011001111111111001
1000000110011001100110011000000110000001100110011001
1001111110011111111111111001111110011111100110011001
1001100000000001100000011000000110011001100110000001
1001111110011001100110011111111110011001100111111001
1000000000011000000110011001100110000000000000011001
1001111111111001111110011001100110011111100110011001
1000000000011001100000011001100110011000000110000001
1111100111111001111110011001100110011001111111111001
1000000000011000000110000000000000011000000110000001
1001111111111001111111111111100110011001111111111001
1000000000011000000110000000000110011000000110000001
1111111111111111111111111111111111111111111111111111